Aoct = 0, output = 3
Aoct = 1, output = 2
Aoct = 2, output = 1
Aoct = 3, output = 0
Aoct = 4, output = 5
Aoct = 5, output = 3
Aoct = 6, output = 5
Aoct = 7, output = 5

Aoct = 30, output = 3,0
Aoct = 31, output = 3,0
Aoct = 32, output = 1,0
Aoct = 33, output = 0,0
Aoct = 34, output = 1,0
Aoct = 35, output = 3,0
Aoct = 36, output = 6,0
Aoct = 37, output = 3,0

Aoct = 300, output = 5,3,0 // dead end
Aoct = 301, output = 6,3,0
Aoct = 302, output = 0,3,0
Aoct = 303, output = 3,3,0
Aoct = 304, output = 5,3,0 // dead end
Aoct = 305, output = 3,3,0
Aoct = 306, output = 5,3,0
Aoct = 307, output = 5,3,0

Aoct = 3060, output = 2,5,3,0
Aoct = 3061, output = 1,5,3,0
Aoct = 3062, output = 5,5,3,0
Aoct = 3063, output = 0,5,3,0
Aoct = 3064, output = 5,5,3,0
Aoct = 3065, output = 3,5,3,0
Aoct = 3066, output = 3,5,3,0
Aoct = 3067, output = 1,5,3,0

Aoct = 30620, output = 7,5,5,3,0
Aoct = 30621, output = 3,5,5,3,0
Aoct = 30622, output = 2,5,5,3,0
Aoct = 30623, output = 6,5,5,3,0
Aoct = 30624, output = 5,5,5,3,0
Aoct = 30625, output = 3,5,5,3,0
Aoct = 30626, output = 7,5,5,3,0
Aoct = 30627, output = 1,5,5,3,0

Aoct = 306230, output = 7,6,5,5,3,0
Aoct = 306231, output = 3,6,5,5,3,0
Aoct = 306232, output = 0,6,5,5,3,0
Aoct = 306233, output = 2,6,5,5,3,0
Aoct = 306234, output = 1,6,5,5,3,0
Aoct = 306235, output = 3,6,5,5,3,0
Aoct = 306236, output = 6,6,5,5,3,0
Aoct = 306237, output = 3,6,5,5,3,0

Aoct = 3062340, output = 4,1,6,5,5,3,0
Aoct = 3062341, output = 4,1,6,5,5,3,0
Aoct = 3062342, output = 0,1,6,5,5,3,0
Aoct = 3062343, output = 3,1,6,5,5,3,0
Aoct = 3062344, output = 5,1,6,5,5,3,0
Aoct = 3062345, output = 3,1,6,5,5,3,0
Aoct = 3062346, output = 1,1,6,5,5,3,0
Aoct = 3062347, output = 5,1,6,5,5,3,0

Aoct = 30623420, output = 3,0,1,6,5,5,3,0
Aoct = 30623421, output = 3,0,1,6,5,5,3,0
Aoct = 30623422, output = 7,0,1,6,5,5,3,0
Aoct = 30623423, output = 4,0,1,6,5,5,3,0
Aoct = 30623424, output = 5,0,1,6,5,5,3,0
Aoct = 30623425, output = 3,0,1,6,5,5,3,0
Aoct = 30623426, output = 7,0,1,6,5,5,3,0
Aoct = 30623427, output = 1,0,1,6,5,5,3,0

Aoct = 306234230, output = 7,4,0,1,6,5,5,3,0
Aoct = 306234231, output = 3,4,0,1,6,5,5,3,0
Aoct = 306234232, output = 0,4,0,1,6,5,5,3,0
Aoct = 306234233, output = 2,4,0,1,6,5,5,3,0
Aoct = 306234234, output = 1,4,0,1,6,5,5,3,0
Aoct = 306234235, output = 3,4,0,1,6,5,5,3,0
Aoct = 306234236, output = 6,4,0,1,6,5,5,3,0
Aoct = 306234237, output = 3,4,0,1,6,5,5,3,0

Aoct = 3062342310, output = 5,3,4,0,1,6,5,5,3,0
Aoct = 3062342311, output = 6,3,4,0,1,6,5,5,3,0
Aoct = 3062342312, output = 0,3,4,0,1,6,5,5,3,0
Aoct = 3062342313, output = 3,3,4,0,1,6,5,5,3,0
Aoct = 3062342314, output = 1,3,4,0,1,6,5,5,3,0
Aoct = 3062342315, output = 3,3,4,0,1,6,5,5,3,0
Aoct = 3062342316, output = 4,3,4,0,1,6,5,5,3,0
Aoct = 3062342317, output = 7,3,4,0,1,6,5,5,3,0

Aoct = 30623423120, output = 1,0,3,4,0,1,6,5,5,3,0
Aoct = 30623423121, output = 7,0,3,4,0,1,6,5,5,3,0
Aoct = 30623423122, output = 5,0,3,4,0,1,6,5,5,3,0
Aoct = 30623423123, output = 1,0,3,4,0,1,6,5,5,3,0
Aoct = 30623423124, output = 5,0,3,4,0,1,6,5,5,3,0
Aoct = 30623423125, output = 3,0,3,4,0,1,6,5,5,3,0
Aoct = 30623423126, output = 7,0,3,4,0,1,6,5,5,3,0
Aoct = 30623423127, output = 1,0,3,4,0,1,6,5,5,3,0

Aoct = 306234231220, output = 7,5,0,3,4,0,1,6,5,5,3,0
Aoct = 306234231221, output = 3,5,0,3,4,0,1,6,5,5,3,0
Aoct = 306234231222, output = 4,5,0,3,4,0,1,6,5,5,3,0
Aoct = 306234231223, output = 2,5,0,3,4,0,1,6,5,5,3,0
Aoct = 306234231224, output = 5,5,0,3,4,0,1,6,5,5,3,0
Aoct = 306234231225, output = 3,5,0,3,4,0,1,6,5,5,3,0
Aoct = 306234231226, output = 7,5,0,3,4,0,1,6,5,5,3,0
Aoct = 306234231227, output = 1,5,0,3,4,0,1,6,5,5,3,0

Aoct = 3062342312200, output = 7,7,5,0,3,4,0,1,6,5,5,3,0
Aoct = 3062342312201, output = 2,7,5,0,3,4,0,1,6,5,5,3,0
Aoct = 3062342312202, output = 0,7,5,0,3,4,0,1,6,5,5,3,0
Aoct = 3062342312203, output = 2,7,5,0,3,4,0,1,6,5,5,3,0
Aoct = 3062342312204, output = 5,7,5,0,3,4,0,1,6,5,5,3,0
Aoct = 3062342312205, output = 3,7,5,0,3,4,0,1,6,5,5,3,0
Aoct = 3062342312206, output = 5,7,5,0,3,4,0,1,6,5,5,3,0
Aoct = 3062342312207, output = 5,7,5,0,3,4,0,1,6,5,5,3,0

Aoct = 30623423122040, output = 2,5,7,5,0,3,4,0,1,6,5,5,3,0
Aoct = 30623423122041, output = 0,5,7,5,0,3,4,0,1,6,5,5,3,0
Aoct = 30623423122042, output = 1,5,7,5,0,3,4,0,1,6,5,5,3,0
Aoct = 30623423122043, output = 0,5,7,5,0,3,4,0,1,6,5,5,3,0
Aoct = 30623423122044, output = 5,5,7,5,0,3,4,0,1,6,5,5,3,0
Aoct = 30623423122045, output = 3,5,7,5,0,3,4,0,1,6,5,5,3,0
Aoct = 30623423122046, output = 1,5,7,5,0,3,4,0,1,6,5,5,3,0
Aoct = 30623423122047, output = 5,5,7,5,0,3,4,0,1,6,5,5,3,0

Aoct = 306234231220420, output = 3,1,5,7,5,0,3,4,0,1,6,5,5,3,0
Aoct = 306234231220421, output = 3,1,5,7,5,0,3,4,0,1,6,5,5,3,0
Aoct = 306234231220422, output = 3,1,5,7,5,0,3,4,0,1,6,5,5,3,0
Aoct = 306234231220423, output = 4,1,5,7,5,0,3,4,0,1,6,5,5,3,0
Aoct = 306234231220424, output = 5,1,5,7,5,0,3,4,0,1,6,5,5,3,0
Aoct = 306234231220425, output = 3,1,5,7,5,0,3,4,0,1,6,5,5,3,0
Aoct = 306234231220426, output = 7,1,5,7,5,0,3,4,0,1,6,5,5,3,0
Aoct = 306234231220427, output = 1,1,5,7,5,0,3,4,0,1,6,5,5,3,0

Aoct = 3062342312204230, output = 7,4,1,5,7,5,0,3,4,0,1,6,5,5,3,0
Aoct = 3062342312204231, output = 3,4,1,5,7,5,0,3,4,0,1,6,5,5,3,0
Aoct = 3062342312204232, output = 0,4,1,5,7,5,0,3,4,0,1,6,5,5,3,0
Aoct = 3062342312204233, output = 2,4,1,5,7,5,0,3,4,0,1,6,5,5,3,0
Aoct = 3062342312204234, output = 1,4,1,5,7,5,0,3,4,0,1,6,5,5,3,0
Aoct = 3062342312204235, output = 3,4,1,5,7,5,0,3,4,0,1,6,5,5,3,0
Aoct = 3062342312204236, output = 6,4,1,5,7,5,0,3,4,0,1,6,5,5,3,0
Aoct = 3062342312204237, output = 3,4,1,5,7,5,0,3,4,0,1,6,5,5,3,0
